bitcoin:26,682.00$
ethereum:1,822.32$
tether:1.00$
bnb:305.61$
usd-coin:0.997549$
xrp:0.461629$
cardano:0.359105$
staked-ether:1,821.67$
dogecoin:0.070606$
matic-network:0.901965$
solana:19.31$
tron:0.076159$
polkadot:5.22$
litecoin:87.05$
binance-usd:0.997907$
shiba-inu:0.000009$
avalanche-2:14.12$
dai:0.999761$
wrapped-bitcoin:26,707.00$
uniswap:4.96$
leo-token:3.55$
chainlink:6.33$
cosmos:10.52$
the-open-network:1.91$
okb:46.63$
monero:151.00$
ethereum-classic:17.96$
stellar:0.087977$
bitcoin-cash:112.74$
internet-computer:4.83$
true-usd:0.99921$
filecoin:4.41$
lido-dao:2.00$
hedera-hashgraph:0.051247$
aptos:8.01$
crypto-com-chain:0.060131$
arbitrum:1.15$
quant-network:99.21$
near:1.58$
vechain:0.019113$
apecoin:3.21$
ggtkn:0.100457$
algorand:0.150393$
the-graph:0.116517$
render-token:2.78$
paxos-standard:0.994985$
frax:0.997618$
edgecoin-2:0.999823$
the-sandbox:0.512464$
eos:0.853437$
fantom:0.32942$
aave:63.71$
rocket-pool:46.96$
elrond-erd-2:35.75$
decentraland:0.462953$
theta-token:0.838889$
blockstack:0.601896$
tezos:0.873265$
axie-infinity:6.85$
flow:0.748763$
havven:2.40$
bitdao:0.515199$
rocket-pool-eth:1,954.89$
usdd:0.999649$
immutable-x:0.735574$
gala:0.030096$
kucoin-shares:7.41$
radix:0.06878$
curve-dao-token:0.848562$
neo:9.71$
whitebit:4.71$
gatechain-token:4.73$
conflux-token:0.304059$
bitcoin-sv:32.28$
pepe:0.000001$
bitget-token:0.434541$
kava:1.12$
klay-token:0.185358$
gemini-dollar:0.998427$
maker:623.70$
bittorrent:0.000000590076$
casper-network:0.050076$
iota:0.19568$
optimism:1.61$
chiliz:0.100227$
sui:0.989601$
huobi-token:3.18$
pax-gold:1,958.93$
injective-protocol:6.41$
mina-protocol:0.558295$
terra-luna:0.000086$
marumarunft:0.252598$
tokenize-xchange:6.31$
frax-share:6.81$
ecash:0.000025$
tether-gold:1,944.46$
gmx:53.83$
compound-ether:36.73$
dash:41.46$
trust-wallet-token:1.07$
